0.581496 0.000000 0.000000 0.000000 0.000000 0.000000 0.000000 1.000000
0.676807 0.000000 0.000000 0.000000 0.000000 0.000000 0.000000 1.000000
0.770493 0.000000 0.000000 0.000000 0.000000 0.000000 0.000000 1.000000
0.871430 0.000000 0.000000 0.000000 0.000000 0.000000 0.000000 1.000000
0.972297 0.000000 0.000000 0.000000 0.000000 0.000000 0.000000 1.000000
1.075708 0.000000 0.000000 0.000000 0.000000 0.000000 0.000000 1.000000
1.170209 0.000000 0.000000 0.000000 0.000000 0.000000 0.000000 1.000000
1.264385 0.000000 0.000000 0.000000 0.000000 0.000000 0.000000 1.000000
1.377109 0.000000 0.000000 0.000000 0.000000 0.000000 0.000000 1.000000
1.465324 0.000000 0.000000 0.000000 0.000000 0.000000 0.000000 1.000000
1.578536 0.000000 0.000000 0.000000 0.000000 0.000000 0.000000 1.000000
1.677806 0.000000 0.000000 0.000000 0.000000 0.000000 0.000000 1.000000
1.763305 0.000000 0.000000 0.000000 0.000000 0.000000 0.000000 1.000000
1.867364 0.000000 0.000000 0.000000 0.000000 0.000000 0.000000 1.000000
1.962806 0.000000 0.000000 0.000000 0.000000 0.000000 0.000000 1.000000
2.062570 0.000000 0.000000 0.000000 0.000000 0.000000 0.000000 1.000000
2.165292 0.000000 0.000000 0.000000 0.000000 0.000000 0.000000 1.000000
2.263448 0.000000 0.000000 0.000000 0.000000 0.000000 0.000000 1.000000
2.368065 0.000000 0.000000 0.000000 0.000000 0.000000 0.000000 1.000000
2.468210 0.000000 0.000000 0.000000 0.000000 0.000000 0.000000 1.000000
2.579305 0.000000 0.000000 0.000000 0.000000 0.000000 0.000000 1.000000
2.680845 0.000000 0.000000 0.000000 0.000000 0.000000 0.000000 1.000000
2.771914 0.000000 0.000000 0.000000 0.000000 0.000000 0.000000 1.000000
2.877047 0.000000 0.000000 0.000000 0.000000 0.000000 0.000000 1.000000
2.975471 0.000000 0.000000 0.000000 0.000000 0.000000 0.000000 1.000000
3.081154 0.000000 0.000000 0.000000 0.000000 0.000000 0.000000 1.000000
3.185387 0.000000 0.000000 0.000000 0.000000 0.000000 0.000000 1.000000
3.263292 0.000000 0.000000 0.000000 0.000000 0.000000 0.000000 1.000000
3.377702 0.000000 0.000000 0.000000 0.000000 0.000000 0.000000 1.000000
3.475658 0.000000 0.000000 0.000000 0.000000 0.000000 0.000000 1.000000
3.573259 0.000000 0.000000 0.000000 0.000000 0.000000 0.000000 1.000000
3.689685 0.000000 0.000000 0.000000 0.000000 0.000000 0.000000 1.000000
3.773432 0.000000 0.000000 0.000000 0.000000 0.000000 0.000000 1.000000
3.881762 0.000000 0.000000 0.000000 0.000000 0.000000 0.000000 1.000000
3.991340 0.000000 0.000000 0.000000 0.000000 0.000000 0.000000 1.000000
4.072939 0.000000 0.000000 0.000000 0.000000 0.000000 0.000000 1.000000
4.184776 0.000000 0.000000 0.000000 0.000000 0.000000 0.000000 1.000000
4.272307 0.000000 0.000000 0.000000 0.000000 0.000000 0.000000 1.000000
4.381725 0.000000 0.000000 0.000000 0.000000 0.000000 0.000000 1.000000
4.469856 0.000000 0.000000 0.000000 0.000000 0.000000 0.000000 1.000000
4.570772 0.000000 0.000000 0.000000 0.000000 0.000000 0.000000 1.000000
4.676516 0.000000 0.000000 0.000000 0.000000 0.000000 0.000000 1.000000
4.782742 0.000000 0.000000 0.000000 0.000000 0.000000 0.000000 1.000000
4.880075 0.000000 0.000000 0.000000 0.000000 0.000000 0.000000 1.000000
4.983432 0.000000 0.000000 0.000000 0.000000 0.000000 0.000000 1.000000
5.067796 0.000000 0.000000 0.000000 0.000000 0.000000 0.000000 1.000000
5.167129 0.000000 0.000000 0.000000 0.000000 0.000000 0.000000 1.000000
5.297362 0.000000 0.000000 0.000000 0.000000 0.000000 0.000000 1.000000
5.366407 0.000000 0.000000 0.000000 0.000000 0.000000 0.000000 1.000000
5.484591 0.000000 0.000000 0.000000 0.000000 0.000000 0.000000 1.000000
5.565632 0.000000 0.000000 0.000000 0.000000 0.000000 0.000000 1.000000
5.671826 0.000000 0.000000 0.000000 0.000000 0.000000 0.000000 1.000000
5.778771 0.000000 0.000000 0.000000 0.000000 0.000000 0.000000 1.000000
5.870990 0.000000 0.000000 0.000000 0.000000 0.000000 0.000000 1.000000
5.982622 0.000000 0.000000 0.000000 0.000000 0.000000 0.000000 1.000000
6.066684 0.000000 0.000000 0.000000 0.000000 0.000000 0.000000 1.000000
6.176322 0.000000 0.000000 0.000000 0.000000 0.000000 0.000000 1.000000
6.278545 0.000000 0.000000 0.000000 0.000000 0.000000 0.000000 1.000000
6.375644 0.000000 0.000000 0.000000 0.000000 0.000000 0.000000 1.000000
6.461868 0.000000 0.000000 0.000000 0.000000 0.000000 0.000000 1.000000
6.570622 0.000000 0.000000 0.000000 0.000000 0.000000 0.000000 1.000000
6.661524 0.000000 0.000000 0.000000 0.000000 0.000000 0.000000 1.000000
6.769044 0.000000 0.000000 0.000000 0.000000 0.000000 0.000000 1.000000
6.860820 0.000000 0.000000 0.000000 0.000000 0.000000 0.000000 1.000000
6.982481 0.000000 0.000000 0.000000 0.000000 0.000000 0.000000 1.000000
7.067756 0.000000 0.000000 0.000000 0.000000 0.000000 0.000000 1.000000
7.186635 -0.282183 0.466850 0.052599 0.002142 -0.003649 0.000788 0.999991
7.276328 -0.278898 0.465141 0.043860 0.002155 -0.003450 0.000798 0.999991
7.367741 -0.273185 0.458955 0.039431 0.002133 -0.003214 0.000821 0.999992
7.467287 -0.265919 0.453248 0.034986 0.002079 -0.003036 0.000858 0.999993
7.566806 -0.259637 0.450420 0.030323 0.002039 -0.003106 0.000900 0.999993
7.671548 -0.253870 0.448039 0.025016 0.002026 -0.003336 0.000974 0.999992
7.763185 -0.253533 0.451627 0.022284 0.001997 -0.003447 0.000961 0.999992
7.870149 -0.253575 0.457299 0.024794 0.001898 -0.003566 0.000919 0.999991
7.974171 -0.251886 0.463406 0.029758 0.001755 -0.003740 0.000892 0.999991
8.073754 -0.247213 0.468920 0.035202 0.001618 -0.003899 0.000924 0.999991
8.167349 -0.244931 0.474878 0.038143 0.001558 -0.004024 0.000966 0.999990
8.265813 -0.247313 0.481448 0.045369 0.001477 -0.003934 0.000980 0.999991
8.370507 -0.253280 0.489385 0.051145 0.001398 -0.003859 0.000959 0.999991
8.480966 -0.261068 0.497681 0.053987 0.001358 -0.003784 0.000929 0.999991
8.565346 -0.263703 0.494208 0.054077 0.001344 -0.003759 0.000960 0.999992
8.667849 -0.265176 0.492227 0.055326 0.001349 -0.003722 0.000976 0.999992
8.768129 -0.264617 0.495380 0.061026 0.001367 -0.003656 0.001016 0.999992
8.868829 -0.263308 0.502250 0.067375 0.001402 -0.003564 0.001082 0.999992
8.969543 -0.264403 0.507636 0.067703 0.001505 -0.003507 0.001100 0.999992
9.086593 -0.269021 0.514516 0.062351 0.001591 -0.003509 0.001065 0.999992
9.163941 -0.270872 0.521392 0.059195 0.001607 -0.003608 0.001009 0.999992
9.276770 -0.271231 0.535847 0.054676 0.001606 -0.003798 0.000897 0.999991
9.388763 -0.270340 0.552277 0.048840 0.001653 -0.003972 0.000821 0.999990
9.469943 -0.270918 0.563169 0.043709 0.001705 -0.004051 0.000841 0.999990
9.571368 -0.272753 0.574726 0.039239 0.001749 -0.004072 0.000889 0.999990
9.665977 -0.275054 0.585378 0.033763 0.001780 -0.004054 0.000929 0.999990
9.774920 -0.279083 0.598608 0.023987 0.001845 -0.004158 0.000932 0.999989
9.867350 -0.283810 0.602264 0.019517 0.001873 -0.004311 0.000851 0.999989
9.972721 -0.289529 0.605066 0.017147 0.001915 -0.004570 0.000716 0.999987
10.064904 -0.298226 0.601677 0.016052 0.001967 -0.004863 0.000537 0.999986
10.165130 -0.307131 0.593685 0.015065 0.002005 -0.005061 0.000421 0.999985
10.271089 -0.312708 0.575988 0.010036 0.001944 -0.004789 0.004458 0.999977
10.372057 -0.310748 0.559964 0.006529 0.000323 -0.002851 0.018732 0.999820
10.475364 -0.308786 0.535859 0.002075 -0.003821 -0.001339 0.036647 0.999320
10.582292 -0.299795 0.487409 -0.004288 -0.006008 -0.000199 0.041317 0.999128
10.661357 -0.281104 0.440572 -0.008394 -0.005683 0.000279 0.034257 0.999397
10.768196 -0.241005 0.355046 -0.009137 -0.004506 0.001259 0.020750 0.999774
10.870586 -0.195697 0.256308 -0.006240 -0.003239 0.002135 0.008997 0.999952
10.964336 -0.152954 0.155768 -0.002685 -0.001949 0.002489 0.000782 0.999995
11.065153 -0.113808 0.049432 -0.000705 -0.000799 0.002458 -0.005168 0.999983
11.164600 -0.069483 -0.077718 0.008373 0.000179 0.001396 -0.009988 0.999949
11.278728 -0.028400 -0.192164 0.017257 0.001574 0.000212 -0.013335 0.999910
11.384156 0.012073 -0.312453 0.026106 0.002881 -0.000943 -0.016547 0.999858
11.472634 0.045962 -0.429598 0.035145 0.003991 -0.002324 -0.018909 0.999811
11.563471 0.071864 -0.520309 0.044344 0.004707 -0.003159 -0.019860 0.999787
11.682340 0.099516 -0.629401 0.056327 0.005604 -0.003951 -0.020681 0.999763
11.780287 0.115659 -0.716120 0.067723 0.006400 -0.004384 -0.020922 0.999751
11.876982 0.125955 -0.797808 0.079204 0.007202 -0.004833 -0.020486 0.999753
11.964875 0.131329 -0.858743 0.090074 0.007835 -0.005027 -0.019299 0.999770
12.065169 0.137766 -0.919760 0.100930 0.008384 -0.005174 -0.017551 0.999797
12.164658 0.140977 -0.966964 0.108863 0.008657 -0.005310 -0.016151 0.999818
12.277609 0.137970 -1.023647 0.120231 0.008847 -0.005241 -0.014350 0.999844
12.373704 0.134331 -1.065244 0.127625 0.009055 -0.005318 -0.012741 0.999864
12.465009 0.129608 -1.111069 0.131905 0.008992 0.009243 -0.010928 0.999857
12.566454 0.122921 -1.163552 0.132444 0.008846 0.006894 -0.008544 0.999901
12.673404 0.114648 -1.205151 0.130458 0.008323 0.004427 -0.006675 0.999933
12.765361 0.099983 -1.240909 0.125768 0.007513 0.002113 -0.005272 0.999956
12.877227 0.081719 -1.281012 0.119695 0.006207 0.000652 -0.003234 0.999975
12.974612 0.066691 -1.311228 0.114475 0.005304 0.000807 -0.001423 0.999985
13.074509 0.050051 -1.334387 0.108039 0.004524 0.001537 0.000335 0.999988
13.164352 0.031872 -1.363273 0.104127 0.003899 0.004501 0.001786 0.999981
13.264615 0.017173 -1.392112 0.100712 0.003627 0.006065 0.003183 0.999970
13.398289 0.004863 -1.423105 0.097524 0.003595 0.005294 0.004202 0.999971
13.481917 -0.004842 -1.453999 0.095051 0.003584 0.004324 0.004712 0.999973
13.566065 -0.016430 -1.492414 0.093745 0.003659 0.003421 0.004979 0.999975
13.670377 -0.026298 -1.523730 0.092638 0.003894 0.002953 0.005269 0.999974
13.766726 -0.039254 -1.550786 0.092179 0.004275 0.002981 0.005803 0.999970
13.892808 -0.056530 -1.562386 0.084320 0.004440 0.003219 0.006267 0.999965
13.969217 -0.068175 -1.568418 0.079132 0.003923 0.003722 0.006832 0.999962
14.063672 -0.078579 -1.577041 0.072914 0.003071 0.004339 0.006670 0.999964
14.163532 -0.087024 -1.623150 0.061820 0.000095 0.004364 -0.003269 0.999985
14.271567 -0.092045 -1.698764 0.052012 -0.002277 0.003913 -0.010820 0.999931
14.375503 -0.098551 -1.822955 0.043902 -0.005608 0.003257 -0.020180 0.999775
14.482980 -0.106481 -1.960234 0.038314 -0.007793 0.002511 -0.027281 0.999594
14.574672 -0.116709 -2.123805 0.031786 -0.011768 0.001484 -0.039193 0.999161
14.678419 -0.135593 -2.269351 0.028706 -0.016785 0.000737 -0.051737 0.998519
14.764842 -0.156478 -2.385053 0.027341 -0.022225 -0.000035 -0.063205 0.997753
14.882837 -0.186934 -2.499227 0.027807 -0.029939 -0.001162 -0.076649 0.996608
14.968701 -0.239087 -2.600736 0.039077 -0.039821 -0.001950 -0.090670 0.995083
15.080695 -0.302367 -2.664207 0.050534 -0.048750 -0.003122 -0.101560 0.993629
15.184220 -0.390837 -2.712353 0.073322 -0.059366 -0.004528 -0.111924 0.991932
15.272884 -0.472944 -2.737224 0.098692 -0.067354 -0.005272 -0.118166 0.990693
15.376559 -0.598404 -2.756484 0.141246 -0.077528 -0.006853 -0.124363 0.989180
15.475663 -0.738959 -2.757340 0.187110 -0.087212 -0.011016 -0.128746 0.987774
15.562082 -0.902694 -2.748274 0.249024 -0.097052 -0.013766 -0.129856 0.986676
15.665177 -1.090749 -2.725904 0.331367 -0.106182 -0.012650 -0.128549 0.985921
15.782675 -1.282974 -2.695070 0.426220 -0.112164 -0.009183 -0.125174 0.985731
15.875401 -1.532972 -2.650390 0.555460 -0.117735 -0.004375 -0.119982 0.985760
15.979361 -1.784317 -2.604623 0.700312 -0.120990 0.006835 -0.112801 0.986200
16.070162 -2.032274 -2.561244 0.852248 -0.122018 0.025445 -0.105245 0.986604
16.177860 -2.345315 -2.508800 1.055185 -0.120305 0.058314 -0.096184 0.986344
16.283367 -2.702985 -2.445786 1.308728 -0.115281 0.108572 -0.086467 0.983588
16.366936 -2.960881 -2.409193 1.509416 -0.110971 0.151938 -0.080858 0.978807
16.471745 -3.249999 -2.376679 1.749392 -0.105441 0.205029 -0.075449 0.970130
16.561684 -3.598975 -2.348516 2.056915 -0.098056 0.273001 -0.068702 0.954534
16.685869 -4.010257 -2.328189 2.441865 -0.089794 0.354879 -0.059791 0.928667
16.768522 -4.226600 -2.320997 2.662814 -0.085403 0.398861 -0.054376 0.911405
16.862385 -4.543506 -2.317851 3.000452 -0.078622 0.461917 -0.045904 0.882238
16.974915 -4.876639 -2.325702 3.378210 -0.072283 0.524324 -0.035902 0.847686
17.075163 -5.173555 -2.344585 3.740739 -0.067701 0.575525 -0.026581 0.814544
17.191240 -5.504826 -2.387270 4.184731 -0.062448 0.627604 -0.014777 0.775884
17.266190 -5.710043 -2.425964 4.478628 -0.058872 0.656760 -0.006564 0.751769
17.369352 -5.992166 -2.491192 4.909371 -0.053598 0.692813 0.006125 0.719097
17.462917 -6.195889 -2.547258 5.243937 -0.049254 0.716203 0.016682 0.695952
17.566206 -6.396482 -2.608356 5.605625 -0.044515 0.737997 0.027702 0.672764
17.673635 -6.621465 -2.692034 6.029561 -0.039206 0.758878 0.038867 0.648889
17.767471 -6.799645 -2.770097 6.381660 -0.034709 0.772872 0.048646 0.631743
17.871664 -6.951760 -2.845251 6.693875 -0.030863 0.782856 0.057572 0.618765
17.967173 -7.117532 -2.945812 7.056963 -0.026417 0.792093 0.068025 0.606023
18.082031 -7.284806 -3.056138 7.433618 -0.021117 0.799351 0.078721 0.595314
18.166130 -7.404902 -3.136261 7.711178 -0.016701 0.803311 0.086842 0.588958
18.274166 -7.537802 -3.218609 8.030429 -0.011170 0.806529 0.096302 0.583192
18.371130 -7.641659 -3.291124 8.304279 -0.005652 0.808382 0.104442 0.579294
18.471260 -7.751854 -3.371045 8.603772 0.001353 0.809561 0.112112 0.576232
18.570959 -7.834885 -3.432808 8.836601 0.006753 0.809899 0.116588 0.574828
18.661755 -7.915911 -3.497963 9.085847 0.012125 0.809715 0.119193 0.574463
18.778555 -7.995798 -3.550955 9.331026 0.016936 0.808918 0.118785 0.575546
18.882980 -8.055338 -3.595008 9.520065 0.020096 0.807749 0.116853 0.577482
18.988802 -8.107290 -3.640349 9.699764 0.022979 0.806112 0.113548 0.580314
19.084896 -8.141798 -3.674599 9.832765 0.025193 0.804690 0.109792 0.582910
19.167568 -8.167287 -3.698952 9.939777 0.026972 0.803489 0.105687 0.585245
19.272558 -8.188146 -3.723280 10.033738 0.028559 0.802535 0.100399 0.587404
19.365442 -8.203353 -3.750243 10.120605 0.029057 0.801966 0.092426 0.589460
19.477468 -8.208329 -3.773240 10.182174 0.028223 0.801815 0.083814 0.590992
19.575735 -8.204477 -3.789916 10.230073 0.027069 0.801701 0.075507 0.592319
19.675558 -8.186083 -3.803325 10.272890 0.026338 0.801591 0.065885 0.593647
19.778288 -8.171380 -3.811663 10.301048 0.026423 0.801653 0.056966 0.594481
19.868420 -8.159412 -3.818676 10.320146 0.025768 0.801833 0.049025 0.594977
19.967155 -8.143662 -3.826043 10.331593 0.024529 0.801905 0.042468 0.595437
20.066429 -8.131966 -3.825672 10.343109 0.023487 0.801982 0.036369 0.595779
20.176977 -8.116959 -3.825350 10.351318 0.022406 0.802075 0.030468 0.596025
20.282625 -8.103490 -3.827741 10.354886 0.021449 0.802188 0.025855 0.596125
20.373022 -8.095261 -3.833797 10.356419 0.020558 0.802333 0.022328 0.596106
20.491598 -8.089071 -3.844417 10.354645 0.019155 0.802627 0.018859 0.595877
20.576622 -8.084158 -3.856618 10.351985 0.017674 0.802905 0.016630 0.595613
20.666994 -8.079645 -3.867438 10.347153 0.016296 0.803142 0.014906 0.595378
20.775707 -8.075356 -3.877215 10.340232 0.014735 0.803412 0.012866 0.595103
20.874207 -8.071033 -3.879300 10.335332 0.013581 0.803552 0.011248 0.594974
20.962900 -8.068973 -3.882771 10.326561 0.012694 0.803671 0.009852 0.594858
21.065891 -8.067307 -3.888547 10.313544 0.011469 0.803799 0.008365 0.594730
21.171329 -8.063871 -3.893780 10.304334 0.010349 0.803895 0.007231 0.594639
21.267715 -8.062633 -3.912207 10.292270 0.009366 0.803966 0.006141 0.594570
21.377871 -8.062133 -3.930985 10.278588 0.008418 0.804015 0.005163 0.594526
21.468876 -8.061705 -3.945174 10.265488 0.007498 0.804027 0.004370 0.594529
21.571274 -8.061775 -3.955935 10.254653 0.006423 0.804042 0.003536 0.594529
21.665060 -8.066444 -3.956389 10.246592 0.005666 0.804080 0.003274 0.594484
21.770231 -8.071269 -3.956732 10.238541 0.004687 0.804108 0.003349 0.594455
21.873093 -8.074816 -3.954244 10.232173 0.004254 0.804102 0.003601 0.594468
21.970478 -8.078462 -3.948565 10.223999 0.004000 0.804078 0.003900 0.594499
22.076069 -8.085797 -3.938030 10.213617 0.003528 0.804077 0.004018 0.594502
22.181225 -8.089946 -3.929967 10.203402 0.002542 0.804033 0.003793 0.594568
22.270555 -8.092809 -3.926332 10.189715 0.001835 0.803983 0.003394 0.594641
22.369682 -8.094472 -3.925397 10.174209 0.001277 0.803954 0.002955 0.594685
22.471561 -8.093813 -3.924494 10.159351 0.000725 0.803935 0.002299 0.594713
22.563551 -8.089613 -3.933274 10.141330 0.000335 0.803906 0.001326 0.594755
22.666611 -8.082704 -3.939833 10.126048 0.000220 0.803853 0.000206 0.594828
22.777479 -8.073812 -3.946810 10.111027 0.000385 0.803779 -0.001000 0.594928
22.873644 -8.066085 -3.955706 10.100019 0.000721 0.803746 -0.001837 0.594970
22.977228 -8.058237 -3.963126 10.087851 0.001474 0.803772 -0.002452 0.594929
23.086716 -8.055532 -3.962701 10.076702 0.001946 0.803805 -0.002708 0.594882
23.187372 -8.053247 -3.962592 10.066564 0.002030 0.803825 -0.002839 0.594857
23.271900 -8.051195 -3.963891 10.057401 0.001916 0.803853 -0.002829 0.594818
23.370045 -8.051443 -3.966568 10.044158 0.001784 0.803863 -0.002815 0.594806
23.482737 -8.057392 -3.973231 10.030458 0.001291 0.803885 -0.002954 0.594777
23.569187 -8.063540 -3.977575 10.020693 0.000688 0.803874 -0.002759 0.594795
23.692884 -8.072110 -3.983087 10.006370 -0.000419 0.803789 -0.002334 0.594909
23.771576 -8.077449 -3.989017 9.993117 -0.001374 0.803693 -0.002171 0.595037
23.870651 -8.078342 -3.997378 9.983059 -0.002447 0.803619 -0.002246 0.595135
23.980942 -8.077615 -4.009711 9.974020 -0.002582 0.803586 -0.002443 0.595177
24.065506 -8.078219 -4.018186 9.966586 -0.002154 0.803584 -0.002380 0.595183
24.177538 -8.081534 -4.024772 9.955424 -0.001821 0.803592 -0.002253 0.595174
24.274490 -8.082502 -4.027878 9.948707 -0.001880 0.803629 -0.002275 0.595126
24.381882 -8.082710 -4.034367 9.940827 -0.001887 0.803680 -0.002237 0.595056
24.481503 -8.079794 -4.047482 9.930415 -0.001731 0.803701 -0.002254 0.595026
24.562099 -8.075131 -4.059566 9.920114 -0.001642 0.803702 -0.002554 0.595026
24.664358 -8.067366 -4.067235 9.911154 -0.001544 0.803704 -0.003407 0.595018
24.784630 -8.057499 -4.065279 9.908504 -0.001071 0.803716 -0.004225 0.594997
24.868769 -8.048837 -4.058049 9.908145 -0.000318 0.803751 -0.004359 0.594951
24.964323 -8.037050 -4.046170 9.907307 0.000962 0.803814 -0.004325 0.594864
25.071602 -8.023190 -4.032953 9.900708 0.002225 0.803869 -0.004431 0.594785
25.167347 -8.006288 -4.016195 9.894147 0.003114 0.803910 -0.005067 0.594722
25.269812 -7.992106 -4.000831 9.887478 0.003827 0.803912 -0.006122 0.594704
25.383289 -7.979671 -3.989786 9.880586 0.004220 0.803884 -0.006817 0.594732
25.473372 -7.966917 -3.983963 9.873537 0.004558 0.803819 -0.007244 0.594814
25.583584 -7.962663 -3.986003 9.869671 0.004825 0.803740 -0.007736 0.594912
25.676373 -7.962969 -3.993894 9.868147 0.004783 0.803669 -0.007764 0.595008
25.764448 -7.966012 -4.003254 9.869160 0.004457 0.803619 -0.007248 0.595086
25.878279 -7.971773 -4.009932 9.874287 0.003957 0.803594 -0.006303 0.595134
25.974815 -7.978696 -4.022504 9.881385 0.003431 0.803604 -0.004512 0.595139
26.078230 -7.982156 -4.028039 9.886677 0.003087 0.803624 -0.003038 0.595121
26.166630 -7.981514 -4.028310 9.890058 0.003006 0.803641 -0.002196 0.595103
26.264168 -7.978657 -4.026340 9.892704 0.003117 0.803627 -0.001830 0.595124
26.376751 -7.972378 -4.022407 9.894279 0.003406 0.803611 -0.001897 0.595141
26.477608 -7.971821 -4.017777 9.895653 0.003738 0.803592 -0.002226 0.595165
26.579342 -7.974109 -4.015651 9.895905 0.003720 0.803586 -0.002487 0.595172
26.681688 -7.977473 -4.016234 9.895672 0.003376 0.803597 -0.002572 0.595160
26.772179 -7.983971 -4.022100 9.898081 0.002850 0.803646 -0.002471 0.595096
