0.612914 0.000000 0.000000 0.000000 0.000000 0.000000 0.000000 1.000000
0.699391 0.000000 0.000000 0.000000 0.000000 0.000000 0.000000 1.000000
0.808879 0.000000 0.000000 0.000000 0.000000 0.000000 0.000000 1.000000
0.907312 0.000000 0.000000 0.000000 0.000000 0.000000 0.000000 1.000000
0.990021 0.000000 0.000000 0.000000 0.000000 0.000000 0.000000 1.000000
1.088065 0.000000 0.000000 0.000000 0.000000 0.000000 0.000000 1.000000
1.197072 0.000000 0.000000 0.000000 0.000000 0.000000 0.000000 1.000000
1.296359 0.000000 0.000000 0.000000 0.000000 0.000000 0.000000 1.000000
1.396591 0.000000 0.000000 0.000000 0.000000 0.000000 0.000000 1.000000
1.489891 0.000000 0.000000 0.000000 0.000000 0.000000 0.000000 1.000000
1.596883 0.000000 0.000000 0.000000 0.000000 0.000000 0.000000 1.000000
1.689984 0.000000 0.000000 0.000000 0.000000 0.000000 0.000000 1.000000
1.796860 0.000000 0.000000 0.000000 0.000000 0.000000 0.000000 1.000000
1.895252 0.000000 0.000000 0.000000 0.000000 0.000000 0.000000 1.000000
1.994816 0.000000 0.000000 0.000000 0.000000 0.000000 0.000000 1.000000
2.092453 0.000000 0.000000 0.000000 0.000000 0.000000 0.000000 1.000000
2.190766 0.000000 0.000000 0.000000 0.000000 0.000000 0.000000 1.000000
2.290574 0.000000 0.000000 0.000000 0.000000 0.000000 0.000000 1.000000
2.401049 0.000000 0.000000 0.000000 0.000000 0.000000 0.000000 1.000000
2.499755 0.000000 0.000000 0.000000 0.000000 0.000000 0.000000 1.000000
2.599936 0.000000 0.000000 0.000000 0.000000 0.000000 0.000000 1.000000
2.690776 0.000000 0.000000 0.000000 0.000000 0.000000 0.000000 1.000000
2.794601 0.000000 0.000000 0.000000 0.000000 0.000000 0.000000 1.000000
2.891901 0.000000 0.000000 0.000000 0.000000 0.000000 0.000000 1.000000
3.002244 0.000000 0.000000 0.000000 0.000000 0.000000 0.000000 1.000000
3.092669 0.000000 0.000000 0.000000 0.000000 0.000000 0.000000 1.000000
3.211099 0.000000 0.000000 0.000000 0.000000 0.000000 0.000000 1.000000
3.293657 0.000000 0.000000 0.000000 0.000000 0.000000 0.000000 1.000000
3.411652 0.000000 0.000000 0.000000 0.000000 0.000000 0.000000 1.000000
3.509583 0.000000 0.000000 0.000000 0.000000 0.000000 0.000000 1.000000
3.595235 0.000000 0.000000 0.000000 0.000000 0.000000 0.000000 1.000000
3.692626 0.000000 0.000000 0.000000 0.000000 0.000000 0.000000 1.000000
3.811352 0.000000 0.000000 0.000000 0.000000 0.000000 0.000000 1.000000
3.895661 0.000000 0.000000 0.000000 0.000000 0.000000 0.000000 1.000000
4.009872 0.000000 0.000000 0.000000 0.000000 0.000000 0.000000 1.000000
4.104948 0.000000 0.000000 0.000000 0.000000 0.000000 0.000000 1.000000
4.193357 0.000000 0.000000 0.000000 0.000000 0.000000 0.000000 1.000000
4.301501 0.000000 0.000000 0.000000 0.000000 0.000000 0.000000 1.000000
4.395267 0.000000 0.000000 0.000000 0.000000 0.000000 0.000000 1.000000
4.499497 0.000000 0.000000 0.000000 0.000000 0.000000 0.000000 1.000000
4.601169 0.000000 0.000000 0.000000 0.000000 0.000000 0.000000 1.000000
4.694240 0.000000 0.000000 0.000000 0.000000 0.000000 0.000000 1.000000
4.799630 0.000000 0.000000 0.000000 0.000000 0.000000 0.000000 1.000000
4.890170 0.000000 0.000000 0.000000 0.000000 0.000000 0.000000 1.000000
5.006662 0.000000 0.000000 0.000000 0.000000 0.000000 0.000000 1.000000
5.091652 0.000000 0.000000 0.000000 0.000000 0.000000 0.000000 1.000000
5.208443 0.000000 0.000000 0.000000 0.000000 0.000000 0.000000 1.000000
5.290295 0.000000 0.000000 0.000000 0.000000 0.000000 0.000000 1.000000
5.391252 0.000000 0.000000 0.000000 0.000000 0.000000 0.000000 1.000000
5.494372 0.000000 0.000000 0.000000 0.000000 0.000000 0.000000 1.000000
5.606279 0.000000 0.000000 0.000000 0.000000 0.000000 0.000000 1.000000
5.704447 0.000000 0.000000 0.000000 0.000000 0.000000 0.000000 1.000000
5.800325 0.000000 0.000000 0.000000 0.000000 0.000000 0.000000 1.000000
5.901755 0.000000 0.000000 0.000000 0.000000 0.000000 0.000000 1.000000
5.990800 0.000000 0.000000 0.000000 0.000000 0.000000 0.000000 1.000000
6.105083 0.000000 0.000000 0.000000 0.000000 0.000000 0.000000 1.000000
6.207853 0.000000 0.000000 0.000000 0.000000 0.000000 0.000000 1.000000
6.310470 0.000000 0.000000 0.000000 0.000000 0.000000 0.000000 1.000000
6.411613 0.000000 0.000000 0.000000 0.000000 0.000000 0.000000 1.000000
6.497312 0.000000 0.000000 0.000000 0.000000 0.000000 0.000000 1.000000
6.612298 0.000000 0.000000 0.000000 0.000000 0.000000 0.000000 1.000000
6.691591 0.000000 0.000000 0.000000 0.000000 0.000000 0.000000 1.000000
6.788659 0.000000 0.000000 0.000000 0.000000 0.000000 0.000000 1.000000
6.893489 0.000000 0.000000 0.000000 0.000000 0.000000 0.000000 1.000000
7.000786 0.000000 0.000000 0.000000 0.000000 0.000000 0.000000 1.000000
7.088003 0.000000 0.000000 0.000000 0.000000 0.000000 0.000000 1.000000
7.207173 -0.172419 -0.074046 0.002106 -0.000748 0.001653 -0.001093 0.999998
7.288725 -0.176290 -0.077709 0.006256 -0.000687 0.001525 -0.001044 0.999998
7.392275 -0.180589 -0.074979 0.009135 -0.000536 0.001356 -0.001006 0.999998
7.506952 -0.184923 -0.064819 0.011567 -0.000399 0.001257 -0.000974 0.999999
7.594053 -0.182146 -0.058872 0.015595 -0.000320 0.001300 -0.000894 0.999999
7.692706 -0.180921 -0.059702 0.018144 -0.000333 0.001514 -0.000824 0.999998
7.798310 -0.178609 -0.063542 0.018553 -0.000373 0.001806 -0.000737 0.999998
7.887208 -0.176407 -0.064877 0.017931 -0.000389 0.001821 -0.000655 0.999998
7.995522 -0.174628 -0.053357 0.016815 -0.000440 0.001723 -0.000557 0.999998
8.097694 -0.174156 -0.049810 0.016380 -0.000506 0.001543 -0.000498 0.999999
8.211856 -0.174939 -0.045461 0.016586 -0.000558 0.001256 -0.000457 0.999999
8.304712 -0.174079 -0.039269 0.018413 -0.000587 0.001029 -0.000412 0.999999
8.400705 -0.170693 -0.034659 0.022631 -0.000607 0.001040 -0.000381 0.999999
8.491189 -0.173682 -0.033217 0.028735 -0.000697 0.001186 -0.000381 0.999999
8.601493 -0.178669 -0.018859 0.035907 -0.000786 0.001433 -0.000366 0.999999
8.705596 -0.180109 0.001304 0.043547 -0.000841 0.001300 -0.000332 0.999999
8.800220 -0.178754 0.023846 0.052939 -0.000905 0.001209 -0.000289 0.999999
8.908960 -0.179987 0.041505 0.060042 -0.000917 0.001235 -0.000270 0.999999
8.997321 -0.172178 0.048921 0.063257 -0.000870 0.001253 -0.000155 0.999999
9.087756 -0.165433 0.053213 0.065246 -0.000801 0.001269 -0.000017 0.999999
9.192408 -0.160332 0.053973 0.066796 -0.000667 0.001272 0.000113 0.999999
9.298114 -0.159600 0.047503 0.067660 -0.000576 0.001355 0.000212 0.999999
9.397712 -0.156946 0.038620 0.065011 -0.000497 0.001462 0.000313 0.999999
9.504535 -0.155835 0.036462 0.058282 -0.000396 0.001536 0.000371 0.999999
9.594814 -0.155338 0.037147 0.051451 -0.000284 0.001548 0.000387 0.999999
9.698970 -0.150707 0.029327 0.043405 -0.000167 0.001486 0.000369 0.999999
9.791215 -0.145739 0.009556 0.034234 -0.000029 0.001434 0.000392 0.999999
9.902802 -0.139035 -0.002587 0.022363 0.000139 0.001324 0.000425 0.999999
9.986072 -0.134659 -0.010041 0.012616 0.000261 0.001144 0.000446 0.999999
10.118724 -0.132729 -0.026048 0.001685 0.000345 0.000999 0.000436 0.999999
10.197522 -0.126789 -0.036906 -0.001909 0.000289 0.000866 0.000475 0.999999
10.310693 -0.126521 -0.042454 -0.008612 0.000196 0.000739 0.000674 0.999999
10.386716 -0.127027 -0.041903 -0.012389 -0.000038 0.001063 0.003748 0.999992
10.505417 -0.124159 -0.049142 -0.017056 -0.002719 0.001703 0.016827 0.999853
10.593430 -0.116932 -0.068397 -0.018750 -0.003851 0.001885 0.019896 0.999793
10.716588 -0.107241 -0.118193 -0.013510 -0.003883 0.001763 0.015372 0.999873
10.803808 -0.089031 -0.161857 -0.007632 -0.002808 0.001582 0.009559 0.999949
10.900948 -0.069395 -0.206276 -0.001778 -0.001684 0.001372 0.004643 0.999987
10.997060 -0.041380 -0.276844 0.007108 -0.000302 0.001073 -0.000972 0.999999
11.090905 -0.017944 -0.346648 0.018895 0.000589 0.000333 -0.004339 0.999990
11.189661 0.007163 -0.420905 0.030023 0.001799 -0.000522 -0.006933 0.999974
11.296034 0.037861 -0.511636 0.040211 0.003247 -0.001397 -0.009724 0.999946
11.386783 0.063160 -0.587797 0.045241 0.004000 -0.001701 -0.012044 0.999918
11.496909 0.085946 -0.679030 0.045340 0.004011 -0.001681 -0.014543 0.999885
11.603716 0.093991 -0.743094 0.045074 0.003465 -0.001483 -0.015259 0.999876
11.693442 0.098291 -0.803519 0.043924 0.002759 -0.001270 -0.014842 0.999885
11.803842 0.098197 -0.869764 0.042529 0.001976 -0.001000 -0.013300 0.999909
11.914405 0.090186 -0.936731 0.046100 0.001308 -0.000729 -0.010749 0.999941
11.993814 0.083420 -0.969444 0.048300 0.001230 -0.000407 -0.009281 0.999956
12.089137 0.075535 -1.012806 0.051548 0.001563 0.000135 -0.006976 0.999974
12.192843 0.069555 -1.051829 0.053892 0.001989 0.000694 -0.005105 0.999985
12.318878 0.061495 -1.096764 0.051958 0.002120 0.001058 -0.003757 0.999990
12.401159 0.046442 -1.128977 0.051657 0.001825 0.001226 -0.002878 0.999993
12.490877 0.029487 -1.163068 0.049282 0.001561 0.001297 -0.001673 0.999997
12.596494 0.006861 -1.202608 0.044016 0.001192 0.001396 0.000204 0.999998
12.692730 -0.014423 -1.238310 0.037402 0.000738 0.001424 0.002334 0.999996
12.786942 -0.027441 -1.282546 0.029096 -0.000014 0.001502 0.004338 0.999989
12.906770 -0.041889 -1.334585 0.018880 -0.000739 0.001247 0.005220 0.999985
13.000473 -0.052445 -1.382047 0.010404 -0.001565 0.000835 0.005410 0.999984
13.086256 -0.059927 -1.421776 0.003604 -0.002240 0.000378 0.005368 0.999983
13.193495 -0.066054 -1.455112 -0.003086 -0.002724 -0.000168 0.005182 0.999983
13.308406 -0.073552 -1.485380 -0.014516 -0.003192 -0.000674 0.004613 0.999984
13.386773 -0.076071 -1.503796 -0.022514 -0.003768 -0.000934 0.004249 0.999983
13.516623 -0.075480 -1.532653 -0.033446 -0.004781 -0.000440 0.003600 0.999982
13.611174 -0.071802 -1.559145 -0.041172 -0.005364 -0.004210 0.002761 0.999973
13.696622 -0.068206 -1.583943 -0.046146 -0.005562 -0.008030 0.001953 0.999950
13.786206 -0.070118 -1.610704 -0.048760 -0.005427 -0.009021 0.000941 0.999944
13.897784 -0.075321 -1.639475 -0.048650 -0.004899 -0.006458 0.000626 0.999967
13.997963 -0.083018 -1.674544 -0.046488 -0.004002 -0.002644 0.001203 0.999988
14.101019 -0.089939 -1.695037 -0.044803 -0.003236 -0.000754 0.002038 0.999992
14.203792 -0.099101 -1.717276 -0.044249 -0.002454 0.000555 0.002761 0.999993
14.302944 -0.109751 -1.735238 -0.045993 -0.001843 0.001931 0.003508 0.999990
14.395373 -0.118428 -1.746640 -0.049817 -0.001782 0.002606 0.004110 0.999987
14.505759 -0.126117 -1.763005 -0.057066 -0.002333 0.002958 0.004793 0.999981
14.586883 -0.128157 -1.771142 -0.060353 -0.002878 0.003289 0.005059 0.999978
14.717557 -0.128459 -1.784266 -0.067709 -0.003471 0.002591 0.004708 0.999979
14.791340 -0.127191 -1.791540 -0.072279 -0.003798 0.001942 0.004267 0.999982
14.915061 -0.121331 -1.803761 -0.083117 -0.004525 0.001448 0.003385 0.999983
14.994398 -0.114994 -1.810468 -0.085000 -0.005412 0.001263 0.002552 0.999981
15.103415 -0.108376 -1.820034 -0.085817 -0.005582 0.001028 0.001353 0.999983
15.203633 -0.103446 -1.829546 -0.086295 -0.005330 0.000954 0.000314 0.999985
15.310795 -0.100433 -1.839214 -0.086825 -0.004963 0.000842 -0.000396 0.999987
15.421790 -0.097353 -1.847865 -0.082919 -0.004498 0.000700 -0.000865 0.999989
15.493951 -0.094294 -1.856816 -0.077013 -0.003830 0.000940 -0.001095 0.999992
15.628612 -0.089877 -1.877172 -0.068151 -0.002562 0.001359 -0.001240 0.999995
15.690128 -0.088350 -1.880439 -0.065471 -0.002278 0.001426 -0.001258 0.999996
15.800572 -0.080591 -1.890923 -0.053078 -0.001038 0.001685 -0.001451 0.999997
15.897790 -0.072050 -1.897804 -0.042345 0.000021 0.002028 -0.001813 0.999996
15.992170 -0.055771 -1.908008 -0.030592 0.001140 0.002650 -0.002552 0.999993
16.100641 -0.036378 -1.915423 -0.020705 0.001910 0.003167 -0.003745 0.999986
16.189669 -0.016405 -1.915589 -0.012571 0.001461 0.003544 -0.004263 0.999984
16.287153 -0.001154 -1.906450 -0.003289 0.002087 0.003503 -0.005656 0.999976
16.388771 0.009940 -1.895739 0.007723 0.003718 0.003381 -0.007740 0.999957
16.492516 0.019660 -1.886716 0.019667 0.005620 0.003162 -0.009706 0.999932
16.598223 0.027308 -1.883191 0.030337 0.006814 0.003064 -0.010676 0.999915
16.703846 0.031409 -1.884540 0.042817 0.007046 0.002914 -0.010566 0.999915
16.790163 0.032501 -1.892411 0.054008 0.006032 0.002772 -0.008675 0.999940
16.892851 0.032118 -1.903635 0.058227 0.004079 0.002497 -0.005677 0.999972
17.000170 0.030569 -1.914477 0.061032 0.001400 0.002256 -0.001734 0.999995
17.103895 0.028697 -1.913963 0.065460 0.000653 0.002274 -0.000440 0.999997
17.194256 0.024542 -1.912222 0.071785 0.000811 0.002382 -0.000280 0.999997
17.287109 0.018417 -1.910510 0.077038 0.001490 0.002608 -0.000407 0.999995
17.404474 0.011932 -1.906584 0.081325 0.001966 0.002869 -0.000122 0.999994
17.501921 0.007911 -1.899420 0.084807 0.002160 0.003030 0.000278 0.999993
17.597507 0.004225 -1.890060 0.089434 0.002244 0.003194 0.000475 0.999992
17.692368 0.007590 -1.891678 0.089215 0.002423 0.002745 0.000511 0.999993
17.809374 0.013727 -1.896208 0.085397 0.002006 0.001930 0.000036 0.999996
17.896465 0.020213 -1.899133 0.078362 0.001139 0.001097 -0.001021 0.999998
18.023720 0.026028 -1.893141 0.068216 -0.000181 0.000452 -0.002249 0.999997
18.094261 0.029720 -1.888875 0.052082 -0.001135 0.000068 -0.002836 0.999995
18.193642 0.030831 -1.885850 0.036134 -0.002880 0.000147 -0.003341 0.999990
18.299683 0.028688 -1.885186 0.026796 -0.004184 0.000829 -0.003394 0.999985
18.409214 0.034625 -1.886220 0.021560 -0.004928 0.001920 -0.002952 0.999982
18.507231 0.038668 -1.882755 0.016047 -0.004790 0.003044 -0.003081 0.999979
18.611952 0.039505 -1.872127 0.011517 -0.004476 0.003753 -0.003483 0.999977
18.705641 0.036830 -1.856911 0.008191 -0.004209 0.004077 -0.003610 0.999976
18.804743 0.031448 -1.849626 0.007979 -0.003969 0.004344 -0.003205 0.999978
18.889709 0.028105 -1.844919 0.011263 -0.003503 0.004562 -0.002432 0.999981
18.992102 0.027432 -1.842115 0.017631 -0.002560 0.004701 -0.001771 0.999984
19.094763 0.030883 -1.842152 0.025461 -0.001416 0.004600 -0.001786 0.999987
19.203859 0.038271 -1.840051 0.030249 -0.000291 0.004195 -0.002508 0.999988
19.293634 0.046910 -1.837042 0.035238 0.000361 0.003675 -0.003465 0.999987
19.413589 0.053105 -1.834499 0.040872 0.000955 0.003031 -0.004460 0.999985
19.508265 0.055300 -1.834084 0.043220 0.001316 0.002631 -0.004924 0.999984
19.591211 0.056279 -1.834739 0.041545 0.001410 0.002256 -0.005040 0.999984
19.704166 0.058097 -1.831413 0.035727 0.000864 0.001686 -0.005001 0.999986
19.793964 0.058184 -1.824506 0.032811 -0.000012 0.001435 -0.004757 0.999988
19.887348 0.056288 -1.816033 0.031796 -0.000715 0.001363 -0.004518 0.999989
19.989569 0.049986 -1.808356 0.030216 -0.001032 0.001406 -0.004117 0.999990
20.099771 0.037700 -1.800723 0.035783 -0.001002 0.001730 -0.003411 0.999992
20.217819 0.027929 -1.797824 0.041957 -0.000420 0.002189 -0.001894 0.999996
20.302691 0.020181 -1.797100 0.045507 0.000117 0.002555 -0.000946 0.999996
20.419233 0.008350 -1.796395 0.048534 0.000657 0.003012 0.000016 0.999995
20.492886 0.004506 -1.797082 0.049078 0.000755 0.003167 0.000512 0.999995
20.601593 0.002775 -1.802785 0.048658 0.000671 0.003273 0.000846 0.999994
20.702276 0.003400 -1.808354 0.050229 0.000448 0.003309 0.000675 0.999994
20.802711 0.005447 -1.812112 0.053357 0.000440 0.003465 0.000228 0.999994
20.915081 0.011595 -1.815142 0.051295 0.000529 0.003537 -0.000509 0.999993
20.991751 0.017798 -1.820899 0.042910 0.000310 0.003531 -0.001446 0.999993
21.102844 0.025255 -1.824285 0.036809 -0.000565 0.003513 -0.002150 0.999991
21.205408 0.032779 -1.830177 0.034209 -0.001422 0.003561 -0.003078 0.999988
21.299870 0.036486 -1.840320 0.035458 -0.001638 0.003653 -0.003791 0.999985
21.393309 0.041471 -1.854156 0.032154 -0.001365 0.003663 -0.004092 0.999984
21.506807 0.042990 -1.868352 0.030089 -0.001344 0.003517 -0.004344 0.999983
21.594908 0.042721 -1.876092 0.029651 -0.001385 0.003419 -0.004299 0.999984
21.695543 0.043378 -1.878888 0.030309 -0.001351 0.003123 -0.004030 0.999986
21.800022 0.039859 -1.878241 0.035381 -0.001054 0.002895 -0.003896 0.999988
21.904606 0.035584 -1.877888 0.044846 -0.000476 0.002809 -0.003571 0.999990
22.017447 0.033244 -1.876777 0.055452 0.000691 0.002978 -0.003046 0.999991
22.105330 0.034120 -1.874830 0.059995 0.001408 0.003070 -0.002788 0.999990
22.193468 0.029051 -1.879293 0.064179 0.001836 0.003147 -0.002740 0.999990
22.291964 0.023268 -1.875403 0.068011 0.002146 0.003225 -0.002471 0.999989
22.393917 0.020130 -1.869591 0.071114 0.002210 0.003227 -0.002010 0.999990
22.499844 0.020849 -1.865566 0.075519 0.002158 0.003089 -0.001650 0.999992
22.616529 0.025207 -1.867568 0.080169 0.002211 0.002769 -0.001820 0.999992
22.689604 0.031459 -1.869049 0.082278 0.002372 0.002664 -0.002350 0.999991
22.787252 0.038966 -1.871299 0.083278 0.002420 0.002600 -0.003265 0.999988
22.908974 0.048849 -1.873203 0.081863 0.002229 0.002692 -0.004463 0.999984
22.986578 0.052237 -1.869239 0.080990 0.001908 0.002762 -0.005082 0.999981
23.090910 0.055444 -1.861124 0.080353 0.001429 0.002890 -0.005430 0.999980
23.200039 0.056547 -1.853325 0.081368 0.001183 0.003066 -0.005470 0.999980
23.291319 0.055176 -1.846199 0.083510 0.001196 0.003306 -0.005305 0.999980
23.392284 0.044772 -1.841516 0.084016 0.001301 0.003485 -0.004775 0.999982
23.494547 0.038526 -1.837324 0.084681 0.001379 0.003645 -0.003707 0.999986
23.597912 0.037016 -1.840106 0.080502 0.001490 0.003618 -0.002700 0.999989
23.699322 0.037806 -1.844821 0.075919 0.001224 0.003415 -0.002402 0.999991
23.799719 0.037115 -1.847726 0.064561 0.000210 0.002854 -0.002561 0.999993
23.886347 0.039642 -1.846745 0.054981 -0.000861 0.002453 -0.002913 0.999992
23.994112 0.044322 -1.845748 0.044502 -0.001258 0.002247 -0.003161 0.999992
24.092323 0.051175 -1.846910 0.030308 -0.001371 0.002163 -0.003288 0.999991
24.194513 0.049309 -1.845465 0.024526 -0.002044 0.002299 -0.003641 0.999989
24.300495 0.048397 -1.845279 0.014574 -0.002608 0.002733 -0.003708 0.999986
24.396341 0.048481 -1.845943 0.008610 -0.003046 0.003084 -0.003617 0.999984
24.504885 0.048346 -1.846112 0.005113 -0.003437 0.003651 -0.003499 0.999981
24.602182 0.046439 -1.841392 0.002846 -0.003342 0.004017 -0.003406 0.999981
24.693989 0.043779 -1.839232 0.002456 -0.003112 0.004303 -0.003126 0.999981
24.804640 0.039721 -1.832817 0.003042 -0.002688 0.004399 -0.002615 0.999983
24.904465 0.035870 -1.825956 0.003741 -0.002329 0.004357 -0.002145 0.999985
24.989971 0.026846 -1.815662 0.005415 -0.001997 0.004177 -0.001586 0.999988
25.101566 0.019217 -1.801834 0.006022 -0.001723 0.003945 -0.000669 0.999991
25.206415 0.015994 -1.795045 0.007599 -0.001594 0.003961 0.000040 0.999991
25.308048 0.016114 -1.794597 0.008121 -0.001417 0.004029 0.000172 0.999991
25.386084 0.019344 -1.797178 0.002607 -0.001288 0.004159 -0.000234 0.999990
25.493443 0.024890 -1.805165 0.001472 -0.001665 0.004289 -0.001074 0.999989
25.594271 0.035143 -1.814068 0.001625 -0.001689 0.004399 -0.002187 0.999987
25.695751 0.045604 -1.825286 0.000191 -0.001561 0.004243 -0.003565 0.999983
25.787334 0.051354 -1.838180 -0.004093 -0.001614 0.003535 -0.004831 0.999981
25.898493 0.055977 -1.846772 -0.003005 -0.002020 0.002008 -0.005772 0.999979
26.006163 0.062210 -1.847308 -0.001195 -0.002166 -0.000798 -0.006266 0.999978
26.092442 0.063699 -1.852041 0.002317 -0.002109 -0.003602 -0.006559 0.999970
26.217953 0.061526 -1.864413 0.009334 -0.001773 -0.008334 -0.006774 0.999941
26.301435 0.056297 -1.877003 0.017079 -0.001314 -0.013876 -0.006748 0.999880
26.409342 0.058793 -1.881354 0.028511 -0.000817 -0.020025 -0.006664 0.999777
26.503122 0.058814 -1.884149 0.035252 -0.000340 -0.026424 -0.007294 0.999624
26.585985 0.056408 -1.885057 0.038893 -0.000284 -0.034536 -0.008450 0.999368
26.702808 0.051784 -1.878513 0.038761 -0.001016 -0.045202 -0.009699 0.998930
26.791327 0.048962 -1.874568 0.040937 -0.001939 -0.054666 -0.010431 0.998448
26.899885 0.038972 -1.865951 0.046732 -0.003188 -0.069911 -0.011664 0.997480
27.000877 0.027114 -1.860740 0.052457 -0.003901 -0.083260 -0.012473 0.996442
27.101219 0.010026 -1.861488 0.059686 -0.004644 -0.099995 -0.013059 0.994891
27.195402 -0.001711 -1.868380 0.070081 -0.005357 -0.113223 -0.013575 0.993462
27.298988 -0.012180 -1.880939 0.079611 -0.006013 -0.125845 -0.014660 0.991923
27.393311 -0.023551 -1.895912 0.092143 -0.007064 -0.139266 -0.016509 0.990092
27.506212 -0.034521 -1.906482 0.106163 -0.008271 -0.147919 -0.018799 0.988786
27.600107 -0.050631 -1.912302 0.124504 -0.009472 -0.155165 -0.021487 0.987610
27.720387 -0.071556 -1.914711 0.142018 -0.010431 -0.161185 -0.023720 0.986584
27.800089 -0.091064 -1.921287 0.157521 -0.011111 -0.164168 -0.024834 0.986057
27.907595 -0.121852 -1.937265 0.181847 -0.011978 -0.164446 -0.025988 0.985971
27.997726 -0.150504 -1.952633 0.204635 -0.012387 -0.161742 -0.027017 0.986385
28.088993 -0.185097 -1.972674 0.226311 -0.012396 -0.156811 -0.028100 0.987151
28.195051 -0.229653 -1.993266 0.247534 -0.012645 -0.149938 -0.029032 0.988188
28.304409 -0.285345 -2.014197 0.271173 -0.013009 -0.141985 -0.029071 0.989356
28.402227 -0.340250 -2.031459 0.294200 -0.013533 -0.135814 -0.028476 0.990233
28.485786 -0.392094 -2.047213 0.314579 -0.013869 -0.130996 -0.027631 0.990901
28.626692 -0.470386 -2.073572 0.350214 -0.014358 -0.123221 -0.025983 0.991935
28.699638 -0.529019 -2.094852 0.376465 -0.014171 -0.117266 -0.024663 0.992693
28.794460 -0.601266 -2.122382 0.404733 -0.013907 -0.108973 -0.022966 0.993682
28.904762 -0.683775 -2.149885 0.438784 -0.014130 -0.099073 -0.021095 0.994756
28.997953 -0.755943 -2.171407 0.471508 -0.014379 -0.089238 -0.019273 0.995720
29.095945 -0.831124 -2.192520 0.506237 -0.014787 -0.079018 -0.018008 0.996601
29.189932 -0.904667 -2.211664 0.539756 -0.015030 -0.069361 -0.016949 0.997334
29.308231 -0.990739 -2.225942 0.575617 -0.015324 -0.058832 -0.015635 0.998028
29.402023 -1.069749 -2.243415 0.612415 -0.015729 -0.047396 -0.013966 0.998655
29.509771 -1.133375 -2.259284 0.646845 -0.016159 -0.036906 -0.012995 0.999104
29.597342 -1.214456 -2.280958 0.697151 -0.016005 -0.022314 -0.012534 0.999544
29.690849 -1.284683 -2.303592 0.744710 -0.015259 -0.008750 -0.012534 0.999767
29.808157 -1.355973 -2.327206 0.801749 -0.014357 0.005974 -0.012917 0.999796
29.895821 -1.412593 -2.339097 0.848224 -0.013164 0.016641 -0.013183 0.999688
29.993000 -1.490252 -2.351182 0.910567 -0.011730 0.029212 -0.013500 0.999413
30.098486 -1.559250 -2.369709 0.963522 -0.010662 0.038752 -0.013409 0.999102
30.206095 -1.651574 -2.387140 1.031375 -0.009739 0.049879 -0.012721 0.998627
30.299192 -1.720278 -2.397433 1.079035 -0.009305 0.057515 -0.011929 0.998230
30.418514 -1.805132 -2.410548 1.137609 -0.008971 0.066249 -0.010639 0.997706
30.498062 -1.878132 -2.425956 1.192108 -0.008701 0.073870 -0.009390 0.997186
30.607113 -1.971038 -2.437463 1.261962 -0.007980 0.083447 -0.007798 0.996450
30.701849 -2.047781 -2.441481 1.318845 -0.007498 0.091370 -0.006663 0.995766
30.807493 -2.145202 -2.444823 1.388937 -0.007408 0.101483 -0.005766 0.994793
30.904779 -2.233013 -2.454455 1.449476 -0.007527 0.110362 -0.005148 0.993850
30.993616 -2.299577 -2.459284 1.503095 -0.007661 0.117699 -0.004369 0.993010
31.107061 -2.385344 -2.463005 1.569252 -0.007525 0.127298 -0.003539 0.991830
31.190617 -2.456826 -2.464855 1.625056 -0.007590 0.136515 -0.003192 0.990604
31.302803 -2.528786 -2.465986 1.686198 -0.007625 0.146441 -0.003056 0.989185
31.415670 -2.616643 -2.466740 1.759543 -0.007241 0.159591 -0.002789 0.987153
31.497290 -2.695523 -2.474463 1.830454 -0.007239 0.171059 -0.002732 0.985230
31.603584 -2.761237 -2.487910 1.892718 -0.007136 0.180381 -0.002874 0.983567
31.695061 -2.826643 -2.505241 1.955977 -0.006824 0.189536 -0.002857 0.981846
31.808626 -2.892739 -2.518702 2.017376 -0.006711 0.198430 -0.002805 0.980088
31.894945 -2.972848 -2.536137 2.101529 -0.006715 0.210777 -0.002376 0.977508
31.996206 -3.045907 -2.548463 2.181658 -0.006396 0.221989 -0.002192 0.975026
32.091530 -3.105726 -2.553733 2.248500 -0.006129 0.231561 -0.002222 0.972799
32.188484 -3.158400 -2.550359 2.313569 -0.005903 0.241379 -0.002180 0.970411
32.301716 -3.219368 -2.545120 2.392465 -0.005823 0.252367 -0.002608 0.967610
32.411953 -3.279592 -2.541113 2.472893 -0.005826 0.262024 -0.003310 0.965038
32.505806 -3.340358 -2.540990 2.556568 -0.005689 0.271015 -0.003661 0.962551
32.611755 -3.397681 -2.543339 2.637925 -0.005532 0.278977 -0.003752 0.960274
32.702488 -3.440981 -2.542506 2.701203 -0.005240 0.285160 -0.003523 0.958459
32.790489 -3.503162 -2.544628 2.788259 -0.004698 0.294121 -0.003024 0.955752
32.889275 -3.555522 -2.546098 2.858964 -0.004677 0.302235 -0.003450 0.953216
32.997551 -3.612638 -2.543872 2.933764 -0.005227 0.311867 -0.003727 0.950104
33.089542 -3.662789 -2.540510 2.995404 -0.006130 0.320415 -0.003607 0.947251
33.209576 -3.736106 -2.535104 3.085725 -0.008081 0.333396 -0.002856 0.942748
33.306534 -3.794516 -2.531462 3.159251 -0.009623 0.343672 -0.001987 0.939038
33.422352 -3.848060 -2.528955 3.229033 -0.010799 0.352760 -0.001024 0.935651
33.506256 -3.904798 -2.521962 3.305752 -0.011800 0.362214 0.000118 0.932020
33.603924 -3.960925 -2.516657 3.383775 -0.012768 0.371398 0.001187 0.928385
33.699646 -4.014019 -2.513478 3.462315 -0.013667 0.380215 0.002126 0.924795
33.807510 -4.058917 -2.512247 3.534537 -0.014229 0.388096 0.003024 0.921504
33.904015 -4.100723 -2.510904 3.613307 -0.014939 0.396920 0.004603 0.917720
33.989502 -4.134373 -2.512470 3.691670 -0.015192 0.405014 0.005309 0.914169
34.090298 -4.166333 -2.514606 3.780072 -0.014735 0.413387 0.005362 0.910421
34.228508 -4.197405 -2.516253 3.884237 -0.013699 0.422859 0.004893 0.906079
34.304958 -4.217227 -2.517025 3.965956 -0.012468 0.429991 0.004474 0.902736
34.402004 -4.236469 -2.517036 4.054607 -0.011115 0.437653 0.004032 0.899066
34.488995 -4.250503 -2.514112 4.132575 -0.009888 0.444242 0.003665 0.895845
34.613819 -4.266213 -2.507258 4.229553 -0.008416 0.451739 0.003088 0.892105
34.690994 -4.279311 -2.500677 4.306629 -0.007478 0.456526 0.002515 0.889675
34.785671 -4.297583 -2.493631 4.383884 -0.006397 0.460356 0.002308 0.887708
34.922684 -4.321157 -2.485534 4.490627 -0.004608 0.463954 0.003356 0.885841
34.990982 -4.337866 -2.477536 4.563052 -0.003184 0.465474 0.004443 0.885045
35.100372 -4.358006 -2.465681 4.643323 -0.001424 0.466560 0.005900 0.884469
35.188290 -4.384761 -2.462294 4.736005 0.000586 0.466897 0.007924 0.884276
35.292873 -4.409372 -2.456404 4.810926 0.002271 0.466518 0.009860 0.884454
35.425655 -4.435270 -2.448333 4.907809 0.004345 0.464957 0.012537 0.885234
35.521954 -4.446100 -2.443693 4.974541 0.005901 0.462827 0.013832 0.886321
35.609451 -4.450867 -2.440832 5.031747 0.007471 0.460121 0.014249 0.887710
35.689556 -4.454618 -2.434981 5.104223 0.009625 0.456052 0.013858 0.889793
35.801872 -4.455045 -2.431497 5.162879 0.011587 0.452269 0.013216 0.891708
35.904476 -4.454037 -2.430039 5.216178 0.013077 0.448348 0.012185 0.893680
36.014339 -4.452104 -2.429587 5.281302 0.014336 0.442838 0.010807 0.896422
36.113846 -4.446043 -2.432596 5.327869 0.015320 0.438747 0.010037 0.898424
36.191639 -4.443031 -2.431858 5.367057 0.016418 0.435341 0.009337 0.900067
36.311916 -4.435658 -2.430570 5.411170 0.017466 0.431424 0.008669 0.901939
36.391674 -4.425497 -2.429937 5.442140 0.017919 0.428515 0.007870 0.903323
36.508736 -4.413301 -2.431223 5.473055 0.017911 0.425691 0.006483 0.904668
36.610668 -4.397665 -2.430516 5.499694 0.017691 0.423273 0.004897 0.905816
36.691334 -4.386860 -2.429333 5.516380 0.017292 0.421891 0.003617 0.906475
36.794159 -4.375889 -2.427641 5.532080 0.016585 0.420732 0.002125 0.907031
36.906490 -4.363683 -2.428267 5.541478 0.015350 0.419753 0.000148 0.907509
37.001499 -4.352691 -2.428483 5.548259 0.013994 0.419283 -0.001274 0.907747
37.115124 -4.342736 -2.427329 5.553990 0.012759 0.419102 -0.002495 0.907846
37.191959 -4.333875 -2.424596 5.559713 0.011641 0.419271 -0.003550 0.907780
37.291008 -4.329740 -2.422534 5.566663 0.010689 0.419586 -0.004205 0.907643
37.391472 -4.322743 -2.416821 5.572844 0.009898 0.419840 -0.004427 0.907533
37.497375 -4.322254 -2.415688 5.574872 0.009225 0.420236 -0.004542 0.907357
37.615932 -4.323113 -2.416600 5.576128 0.008019 0.420842 -0.004334 0.907088
37.707542 -4.322277 -2.417461 5.577603 0.007004 0.421233 -0.004118 0.906916
37.805805 -4.324990 -2.418701 5.577868 0.006141 0.421695 -0.004055 0.906708
37.905930 -4.326704 -2.422427 5.576412 0.005115 0.422195 -0.003845 0.906483
38.006618 -4.327584 -2.423994 5.575494 0.004128 0.422758 -0.003697 0.906226
38.105690 -4.328233 -2.422891 5.575498 0.003365 0.423383 -0.003598 0.905937
38.192783 -4.330267 -2.423140 5.574483 0.002922 0.423917 -0.003411 0.905690
38.299114 -4.335731 -2.422710 5.572960 0.002465 0.424441 -0.003193 0.905447
38.413692 -4.344240 -2.427479 5.567672 0.001813 0.424992 -0.002763 0.905191
38.486702 -4.350235 -2.432437 5.563341 0.001171 0.425295 -0.002390 0.905051
38.589317 -4.357229 -2.438454 5.560130 0.000290 0.425565 -0.001842 0.904926
38.698029 -4.360715 -2.438966 5.557161 -0.000379 0.425436 -0.001348 0.904988
38.805847 -4.362036 -2.435801 5.556889 -0.000575 0.425164 -0.001320 0.905115
38.891193 -4.363727 -2.433274 5.557330 -0.000529 0.424769 -0.001458 0.905300
38.987206 -4.369450 -2.433858 5.558075 -0.000350 0.424310 -0.001627 0.905516
39.109371 -4.375960 -2.435071 5.563592 -0.000165 0.424050 -0.001403 0.905638
39.195152 -4.387071 -2.433898 5.567808 0.000119 0.423870 -0.000675 0.905723
39.299831 -4.399078 -2.428426 5.571430 0.000241 0.423779 0.000418 0.905765
39.402401 -4.412066 -2.418080 5.575103 0.000224 0.423718 0.001601 0.905793
39.502857 -4.425673 -2.403233 5.575571 0.000058 0.423676 0.002475 0.905810
39.604748 -4.437751 -2.391551 5.572219 -0.000413 0.423641 0.003143 0.905825
39.689518 -4.449150 -2.387511 5.567840 -0.000989 0.423686 0.003281 0.905803
39.794991 -4.462059 -2.387223 5.560059 -0.001998 0.423984 0.003259 0.905662
39.905197 -4.461587 -2.384742 5.548226 -0.002952 0.424341 0.002900 0.905493
39.987282 -4.452831 -2.387475 5.539419 -0.003615 0.424857 0.001397 0.905252
40.092926 -4.442842 -2.395124 5.528945 -0.003775 0.425667 -0.001361 0.904871
40.217087 -4.431005 -2.404059 5.518032 -0.003742 0.427079 -0.005197 0.904192
40.298512 -4.422457 -2.406101 5.513998 -0.003605 0.428304 -0.008005 0.903592
40.399250 -4.411436 -2.410025 5.504867 -0.003070 0.430118 -0.011578 0.902693
40.492294 -4.405700 -2.413905 5.499340 -0.002592 0.432138 -0.015083 0.901678
40.591633 -4.404452 -2.417050 5.497186 -0.002259 0.434383 -0.018093 0.900544
40.694950 -4.408324 -2.420013 5.498569 -0.001759 0.437571 -0.021495 0.898925
40.804363 -4.413270 -2.427681 5.500010 -0.001158 0.440613 -0.024408 0.897365
40.899261 -4.425713 -2.436932 5.504758 -0.000281 0.444761 -0.027887 0.895215
41.006027 -4.441758 -2.443415 5.515327 0.000642 0.449492 -0.031513 0.892728
41.088753 -4.456212 -2.446496 5.526272 0.001544 0.453587 -0.034235 0.890553
41.196373 -4.476123 -2.449299 5.541153 0.002977 0.459254 -0.037679 0.887501
41.292839 -4.497502 -2.443493 5.554881 0.004121 0.464240 -0.040475 0.884775
41.404282 -4.530476 -2.431137 5.572781 0.005201 0.470533 -0.043364 0.881301
41.508011 -4.574048 -2.415678 5.592313 0.005977 0.477268 -0.045316 0.877568
41.597527 -4.615679 -2.403057 5.608191 0.006281 0.482731 -0.045853 0.874545
41.718502 -4.679012 -2.391704 5.634735 0.006387 0.490525 -0.045468 0.870217
41.808792 -4.753305 -2.383483 5.670882 0.006406 0.499964 -0.043894 0.864909
41.896980 -4.819284 -2.377367 5.702391 0.006563 0.507774 -0.041740 0.860454
42.007114 -4.892037 -2.370582 5.735559 0.006584 0.515652 -0.038833 0.855892
42.090801 -4.967269 -2.360069 5.772201 0.006275 0.523673 -0.035027 0.851176
42.207405 -5.064698 -2.351198 5.817006 0.005799 0.533223 -0.029953 0.845424
42.309605 -5.151862 -2.348216 5.854791 0.005123 0.541345 -0.025487 0.840399
42.390034 -5.241778 -2.349596 5.891912 0.003989 0.549521 -0.020849 0.835210
42.508186 -5.354609 -2.352810 5.935707 0.001994 0.559445 -0.014840 0.828732
42.602634 -5.442536 -2.350879 5.965729 0.000112 0.566832 -0.010675 0.823764
42.719959 -5.559855 -2.344422 6.003953 -0.003045 0.576812 -0.006141 0.816848
42.793163 -5.628865 -2.340298 6.025974 -0.004998 0.582758 -0.004037 0.812620
42.905003 -5.734753 -2.336675 6.059443 -0.008083 0.591967 -0.001689 0.805920
43.005215 -5.821405 -2.333376 6.092336 -0.010401 0.599989 -0.000119 0.799941
43.099739 -5.906400 -2.331468 6.130273 -0.012175 0.608305 0.001184 0.793609
43.205318 -5.991229 -2.328992 6.170949 -0.013184 0.616825 0.002516 0.786986
43.294537 -6.068692 -2.326332 6.209663 -0.013790 0.624552 0.003744 0.780852
43.401302 -6.151031 -2.325290 6.255658 -0.014432 0.632670 0.004691 0.774273
43.510490 -6.227145 -2.331572 6.301144 -0.014993 0.640527 0.005346 0.767771
43.619228 -6.293133 -2.340492 6.341433 -0.015238 0.647584 0.005320 0.761823
43.709442 -6.373364 -2.353114 6.390991 -0.015558 0.656386 0.004076 0.754254
43.808338 -6.430743 -2.360546 6.429041 -0.015873 0.662652 0.002834 0.748754
43.923813 -6.501855 -2.371821 6.488359 -0.016018 0.671485 0.001072 0.740844
44.026501 -6.551264 -2.378913 6.535711 -0.015493 0.678289 -0.000317 0.734632
44.130558 -6.605577 -2.384551 6.592426 -0.014370 0.686203 -0.002387 0.727264
44.211090 -6.650955 -2.387612 6.641763 -0.013386 0.692802 -0.004499 0.720990
44.302586 -6.701304 -2.384400 6.696670 -0.012445 0.699975 -0.006873 0.714026
44.409657 -6.741302 -2.383654 6.746390 -0.011841 0.705856 -0.008578 0.708205
44.503265 -6.790360 -2.384117 6.814788 -0.010840 0.713463 -0.010758 0.700527
44.599525 -6.833215 -2.383303 6.877205 -0.009584 0.720406 -0.012490 0.693374
44.697079 -6.864378 -2.382243 6.927263 -0.008495 0.726180 -0.013829 0.687313
44.810879 -6.909544 -2.384420 7.001151 -0.007083 0.734150 -0.016163 0.678758
44.920666 -6.952309 -2.385737 7.072447 -0.005995 0.741501 -0.018009 0.670683
45.006790 -6.989101 -2.385458 7.133116 -0.005201 0.747660 -0.019238 0.663783
45.123425 -7.030696 -2.381962 7.201364 -0.004564 0.754230 -0.020164 0.656284
45.199070 -7.072160 -2.375879 7.276402 -0.004253 0.760812 -0.020876 0.648623
45.299984 -7.106054 -2.373075 7.340995 -0.004012 0.766233 -0.021139 0.642203
45.392078 -7.140755 -2.372824 7.413238 -0.003601 0.771996 -0.021299 0.635260
45.490154 -7.180248 -2.371135 7.484247 -0.003211 0.777385 -0.021576 0.628647
45.595146 -7.229352 -2.373872 7.565854 -0.003605 0.783012 -0.021731 0.621617
45.699802 -7.273017 -2.380930 7.634245 -0.004652 0.787253 -0.021755 0.616229
45.812817 -7.324539 -2.392238 7.708683 -0.006395 0.791308 -0.021660 0.611002
45.891735 -7.367553 -2.402118 7.773780 -0.008132 0.794179 -0.020987 0.607266
45.999599 -7.424953 -2.418081 7.865359 -0.010349 0.797180 -0.019631 0.603336
46.091454 -7.474920 -2.434492 7.948164 -0.011972 0.799096 -0.017910 0.600816
46.202881 -7.539119 -2.456260 8.049015 -0.013570 0.800401 -0.015053 0.599124
46.299755 -7.596970 -2.473749 8.152416 -0.014960 0.800674 -0.011619 0.598800
46.399258 -7.649047 -2.490991 8.251665 -0.015801 0.800197 -0.008039 0.599477
46.515018 -7.709405 -2.515100 8.380413 -0.016165 0.798693 -0.003020 0.601514
46.619617 -7.758935 -2.540079 8.506695 -0.015431 0.796446 0.001644 0.604510
46.765057 -7.813844 -2.565046 8.656592 -0.014128 0.792564 0.005745 0.609598
46.788528 -7.813844 -2.565046 8.656592 -0.014128 0.792564 0.005745 0.609598
46.914978 -7.856602 -2.583041 8.812700 -0.011857 0.787431 0.009356 0.616217
47.031116 -7.889156 -2.593929 8.924515 -0.009774 0.782687 0.011364 0.622235
47.116474 -7.915510 -2.606237 9.006913 -0.008518 0.778543 0.012698 0.627406
47.232952 -7.940734 -2.623135 9.114143 -0.007218 0.772631 0.014336 0.634654
47.295834 -7.950547 -2.633747 9.166158 -0.006291 0.769446 0.015215 0.638499
47.436142 -7.971910 -2.657747 9.282228 -0.003292 0.761734 0.017207 0.647654
47.501667 -7.982259 -2.668400 9.338536 -0.001594 0.757714 0.018190 0.652332
47.588715 -7.994816 -2.686184 9.414109 0.000589 0.752049 0.019448 0.658821
47.700314 -8.004032 -2.703444 9.483305 0.002699 0.746332 0.020505 0.665253
47.835094 -8.013712 -2.726801 9.585832 0.005839 0.736680 0.021373 0.675879
47.903625 -8.016768 -2.735674 9.624676 0.006868 0.732749 0.021293 0.680131
48.015202 -8.025195 -2.741467 9.677056 0.008069 0.727046 0.020884 0.686224
48.110027 -8.032115 -2.748417 9.730336 0.008837 0.721229 0.020352 0.692342
48.221069 -8.035480 -2.757770 9.772857 0.009380 0.716787 0.019936 0.696944
48.301441 -8.035297 -2.771266 9.814883 0.010050 0.712547 0.019405 0.701284
48.416164 -8.027520 -2.787504 9.849856 0.010912 0.708706 0.018332 0.705182
48.508644 -8.025531 -2.798669 9.870718 0.011423 0.706592 0.017078 0.707323
48.599861 -8.022634 -2.813657 9.897977 0.011540 0.704369 0.015138 0.709578
48.687805 -8.020062 -2.823784 9.916531 0.011210 0.703291 0.013702 0.710682
48.834126 -8.015130 -2.830636 9.945030 0.010506 0.702441 0.011402 0.711573
48.902279 -8.016301 -2.834826 9.953067 0.010307 0.702491 0.010645 0.711539
49.003468 -8.012225 -2.846792 9.969593 0.009296 0.703042 0.009308 0.711027
49.110928 -8.004465 -2.856867 9.982297 0.008640 0.703667 0.008189 0.710431
49.231377 -7.992794 -2.867573 9.997518 0.008430 0.704668 0.006608 0.709457
49.301540 -7.990203 -2.873216 10.005445 0.008443 0.705172 0.005883 0.708962
49.419994 -7.985313 -2.880223 10.018277 0.008362 0.705950 0.005123 0.708194
49.575329 -7.979509 -2.887986 10.032154 0.008186 0.706976 0.004333 0.707177
49.592464 -7.979509 -2.887986 10.032154 0.008186 0.706976 0.004333 0.707177
49.768837 -7.988329 -2.900437 10.040287 0.006864 0.707955 0.003716 0.706214
49.786934 -7.988329 -2.900437 10.040287 0.006864 0.707955 0.003716 0.706214
49.901058 -7.990433 -2.902778 10.041272 0.005482 0.708293 0.003721 0.705888
50.039486 -7.992294 -2.901264 10.039829 0.004168 0.708494 0.003270 0.705697
50.089298 -7.989772 -2.896517 10.039149 0.003762 0.708476 0.003046 0.705718
50.194504 -7.988081 -2.890901 10.037713 0.003287 0.708406 0.002335 0.705794
50.291779 -7.990398 -2.889624 10.036506 0.002865 0.708290 0.001724 0.705914
50.386604 -7.995941 -2.891516 10.037000 0.002406 0.708148 0.001573 0.706058
50.496735 -7.993368 -2.896859 10.034596 0.001756 0.707870 0.001735 0.706339
50.671192 -7.983338 -2.909251 10.024688 0.001475 0.707673 0.000738 0.706538
50.704655 -7.983338 -2.909251 10.024688 0.001475 0.707673 0.000738 0.706538
50.802010 -7.971015 -2.920246 10.020957 0.000808 0.707564 0.000317 0.706649
50.902622 -7.964853 -2.915660 10.013574 -0.000094 0.707519 -0.000799 0.706694
51.081932 -7.963905 -2.904153 10.000202 -0.001995 0.707586 -0.003119 0.706618
51.087109 -7.963695 -2.902336 9.998252 -0.002284 0.707606 -0.003430 0.706596
51.196312 -7.959880 -2.892785 9.991473 -0.002971 0.707647 -0.004221 0.706547
51.296715 -7.958226 -2.885420 9.991270 -0.002393 0.707670 -0.003578 0.706530
51.422161 -7.956267 -2.879849 9.992173 -0.000623 0.707675 -0.001355 0.706536
51.544800 -7.956440 -2.880210 9.994652 0.000886 0.707608 0.000364 0.706604
51.588772 -7.957700 -2.883007 9.995985 0.001156 0.707538 0.000620 0.706674
51.696583 -7.959420 -2.886216 9.997727 0.001114 0.707377 0.000854 0.706835
51.794270 -7.961390 -2.885912 9.997438 0.000913 0.707291 0.000918 0.706922
51.895500 -7.964518 -2.881283 9.994210 0.000653 0.707281 0.000831 0.706932
52.008675 -7.964716 -2.874053 9.987991 0.000242 0.707339 0.000665 0.706874
52.093662 -7.962932 -2.863770 9.980544 -0.000194 0.707439 0.000296 0.706774
52.238232 -7.953892 -2.850538 9.966738 -0.000840 0.707633 -0.000971 0.706579
52.293781 -7.949963 -2.847012 9.962162 -0.000939 0.707690 -0.001504 0.706521
